u=30;
theta=60;
g=9.8;

t=2*u*sind(60)/g

t =

    5.3022

r=u^2*sind(2*theta)/g

r =

   79.5329

h=u^2*(sin(theta))^2/(2*g)

h =

    4.2663

